15 40.989462 31.024445 8 10 4
16 40.984965 29.029324 8 10 4
17 40.960813 29.074471 8 10 4
18 40.961003 29.078552 8 10 4
1 40.980052 29.161464 8 12 4
2 40.981785 29.160649 8 12 4
3 40.976085 29.138481 8 12 4
4 40.983737 29.120652 8 12 4
5 40.987709 29.128938 8 12 4
19 40.965233 29.101989 10 12 4
20 40.967292 29.106889 10 12 4
21 40.95215 29.128906 10 12 4
22 40.943772 29.144634 10 12 4
23 40.916995 29.143606 10 12 4
24 40.908657 29.139109 12 14 4
25 40.891122 29.200907 12 14 4
26 40.895305 29.199837 12 14 4
27 40.926026 29.244439 12 14 4
28 40.962583 29.272858 12 14 4
6 41.013959 29.082191 13 18 4
7 41.015609 29.081812 13 18 4
8 41.033722 29.050097 13 18 4
9 41.069273 29.072359 13 18 4
10 41.070949 29.077457 13 18 4
11 41.078332 29.073295 13 18 4
12 41.02319 29.011665 13 18 4
13 41.024238 29.009685 13 18 4
14 41.00834 29.020519 13 18 4
29 41.040294 29.232269 13 18 7
30 41.219896 29.213202 13 18 7
31 41.224787 29.272057 13 18 7
32 41.172274 29.608662 13 18 7
33 41.177807 29.616344 13 18 7
41 41.075093 29.067925 14 16 7
42 41.081276 29.087658 14 16 7
43 41.078959 29.083864 14 16 7
44 40.985037 29.175661 14 16 7
45 40.990969 29.161461 14 16 7
46 40.939517 29.153103 14 16 7
47 40.953396 29.151969 16 18 7
48 40.972513 29.087952 16 18 7
49 40.987013 29.028758 16 18 7
50 40.958066 29.105085 16 18 12
34 41.026757 29.127981 18 20 12
35 41.024826 29.117757 18 20 12
36 41.024696 29.096887 18 20 12
37 41.005124 29.079283 18 20 12
38 41.029361 29.156055 18 20 12
39 41.038537 29.151144 18 20 12
40 41.088827 29.084239 18 20 12
